2011718
2751719
2751723
2751732
2021734
2021746
3124279
3124278
31313140
31213162
2791783
3011846
28111485
3011851
28113178
3021863
30911463
3111889
30911464
1202021
1032022
1192023
1342026
1142027
1202035
1032036
1102037
1322038
1332039
1342040
1192041
1892057
1082058
1382089
1892090
1152198
3272243
3052246
5682248
3052254
3272271
3932279
1012292
1142293
1342296
1342297
1322300
1322301
1332308
1332309
1192312
1192313
2632340
3962355
2828397
1342385
2382261
2792504
1382643
2532673
1142676
3042682
3042698
2322702
2622731
2622734
1202865
1202960
1202986
1033018
1103332
2283565
60614060
1013599
1173601
1323608
2663663
2663745
2693752
60614060
2543812
2543833
2233950
2663864
2693895
2693896
2633898
2693903
1173924
1153945
1133959
1893976
1194141
1034146
1324207
1344218
1344220
1334230
1384251
2765453
2764275
3101752
3101750
1194326
3104335
2964353
2764440
2794441
3139271
3139270
2764444
60614060
2614524
2964592
1154615
1034988
2665010
1194283
1085197
1365309
1385310
1365311
2285407
2695409
27513096
3055433
3045434
2325437
2355438
2625439
2785440
31013163
2693901
27613139
2811853
3055508
2285515
2325518
2355521
60614060
60614060
2695569
1105580
1175666
60614060
1115899
1895945
1335971
1106121
27513098
2286254
2696256
2356257
2696363
2546485
2546556
1136570
1086571
1116572
1036739
2964347
2965076
1026946
3116948
1127030
1087041
1147048
1107055
1157056
3107314
2667343
4197358
4197359
4197361
1367573
1347574
1337576
3107932
2667977
2333803
2998047
2998048
2268050
2558051
4548052
2998054
2998055
2998056
2998057
2992365
2998059
4558063
4558064
4558065
4558066
45513095
45513100
4568077
2608079
60614060
2608082
60614060
2609950
2998095
2998096
4558097
3088104
3088105
3088106
3088107
3088108
3088109
3088110
30813196
3088115
3088113
30813192
2828118
2828120
2964589
3088163
3068171
3068172
2828176
2828177
60614060
60614060
60614060
3088187
2998204
2998205
2998207
2998208
2998209
2998210
2998211
2998212
2998213
2998214
2998215
60614060
2668228
2668229
2668230
2668231
2668232
2668233
1196560
1036561
1326562
1195747
1365757
1335749
4568264
2558265
2398266
2388267
2418268
4548269
2998359
60614060
20224
1338379
1348381
1198382
60614060
1365983
2668396
1328400
1348401
1368402
2828403
60614060
60614060
60614060
60614060
2608412
4588414
2549243
2549244
2268050
2268050
2669247
2669251
1109252
2286104
3119268
3109269
31311455
31311456
1089274
60614060
2269297
1199303
1339304
1339305
2189311
2189313
1329320
1209347
1179349
1209352
1209353
1209355
1089362
1139370
1039371
1032542
1139376
1139377
2539383
2539384
2539385
2539386
3460000
1369400
1369401
1019412
1019413
1019414
1149422
1149424
1149425
1129432
1129434
1129435
20007
20104
20207
20023
20003
20027
20001
20223
2239458
2239460
20109
20005
20038
1119467
1119468
1119470
1119471
1349479
1199500
1389504
1369506
1039509
1349549
2609550
1039554
1339556
60614060
60614060
2965076
60614060
2829565
2829566
1369573
60614060
1389615
1369616
1289618
4549626
2559629
2399630
2539636
1139640
1899655
1199680
1329681
1349682
1389683
2669684
1280029
2669686
2669690
2669691
2669692
2669694
2609719
2609720
2609721
2609722
1039723
2669734
2609738
4639744
4639748
3939750
3939753
2669758
2669759
2669760
60614060
60614060
60614060
3118288
60614060
60614060
5149781
5149782
5149783
5149785
5149786
5149787
5149788
5149789
5149790
2609792
2609793
2609795
2609796
2609797
2609798
2609800
60614060
2669802
2669803
2608407
3118288
60614060
1369815
1369816
1209819
1209820
4479842
4479843
4479844
4479845
4479846
4479847
4479851
4479850
20236
20238
20239
20237
20240
20231
20232
20233
20234
20235
1899927
1899930
1039935
2239442
60614060
60614060
2829954
2829955
2829957
2549963
1179964
1089966
1129967
2239968
1109969
1119970
1139971
1019972
2539973
1149974
1899975
1899976
1389980
1369981
1329989
30622351
30622350
60614060
60614060
28210073
28210074
60614060
13310096
13410097
13810098
18910100
11910102
60614060
60614060
10310161
1039935
13310272
12010276
13310277
12010284
12010288
47210302
47210303
11910319
12010320
10310321
13610322
26610332
60614060
20248
20251
20252
20253
20258
20259
20260
2618153
10310366
12010367
11910368
13610369
22310370
26610374
26010375
26610376
60614060
26010400
60614060
60614060
28210407
60614060
60614060
28210412
4558069
2756162
28210551
49410557
49410558
19910594
29910595
20070
45610609
23810610
24110611
20267
20111
20110
20117
20116
20114
20113
20123
20122
20120
20119
20269
3931905
20268
30510660
45510736
27510737
11910762
12010777
13810779
13210783
10310787
20125
20126
20127
20128
31311457
31311458
12010965
11910966
13210967
13410968
11710969
18910970
11910971
60614060
13610976
13210977
10310978
13310979
22310980
13410981
60614060
60614060
60614060
60614060
13310999
13811008
13611011
12011012
13311017
10311018
11911019
10311020
22311029
13811045
10811046
13411047
12011049
13611068
10311069
13411070
13311071
54311080
54311081
54311082
54311083
28211103
28211105
23211333
26011336
52411368
52411369
53111370
12011410
11911411
13211412
13411413
13811433
13211434
12011437
2751723
30611439
30611440
30911441
2792504
31311451
31311452
31311453
31311454
2784443
2614442
2765447
2785446
30911461
30911462
31213165
31013166
30911466
30911467
30920186
30920187
30911469
30911468
3011846
28111479
28111480
28111481
28111482
28111484
28113182
28113182
30811489
30813192
3088115
56711509
56711511
46311516
53011528
60614060
53311545
60614060
53111549
53111550
60614060
60614060
60614060
60614060
12011563
13411573
12011576
13211578
12011579
13811583
60614060
13611588
11211592
11711614
10811618
11511632
25411643
11311648
13411706
11911760
11911768
13611780
13611784
13611788
47211793
13811800
13411811
57011843
13811849
13811850
13811851
13811852
11911853
11911854
11911855
11911856
60614060
60614060
60614060
60614060
11711865
25311866
22311867
11111868
18911870
57411886
21811892
21811893
21811894
21811895
21811899
21811900
21811901
21811902
21811903
21811904
21811905
21811906
21811907
21811909
29911919
29911920
26611924
26611925
26611926
26611927
26611928
26611929
26611930
26611931
26611932
26611934
26611935
26611936
26611939
57811940
21811955
30612004
12012051
11012052
13412053
13212054
11912055
13312056
18912057
11012101
13412102
13212103
18912104
11912106
25412230
39312284
47612325
13812334
13612335
13212338
22312339
25312340
11712341
18912342
12012357
11912370
13212371
10312372
53112379
11412381
13312382
53312434
53112435
13412436
11912437
10312438
13812439
11412445
11112448
11212450
13612451
10312454
13812458
12012461
21812463
26612464
26612465
26312470
11912471
13212472
13412473
10312474
13612475
13412480
18912481
26312483
13812484
13412488
22312489
60012513
60012517
60012518
60012519
41912544
21712554
26212562
60614060
60614060
60614060
13412567
11912568
13812569
13312570
13612580
12212581
13212582
10812583
26612584
22812585
13412586
13612587
12212588
13212589
13812590
11112591
10112592
26912594
26912595
13212596
11912597
10312598
13612599
11312600
10312602
11912603
18912604
13312605
11412606
29912608
26612609
11912610
52912615
13212617
13412618
12012620
10812624
11712625
29912626
11112628
13412629
13412630
10312631
13212632
13312636
10812637
12012638
22812639
28212640
53112641
26612642
21812643
57112752
12012767
10312768
13212769
13412770
23512809
23512810
26012813
26012815
13412816
11912817
13312818
13612819
13212821
26012823
53012827
13412828
12012829
11912830
10312831
13612832
13212833
10312861
13612865
26612866
26612867
26912873
20346
13812880
13812887
13612888
12012890
10312891
11912893
21812894
10812896
45513093
30612004
30620180
30620181
30620181
25715957
52715956
20213107
26613108
45513109
27513110
27513110
45513113
27513114
12013138
3104336
3113474
27613143
27913144
27913144
27613146
27913147
27913147
31313140
31318471
31318473
31318473
2794441
30918478
30918482
30918482
31213169
31013170
31013170
31013163
30911465
3025461
28119749
28119749
28115928
2811853
30813188
30813188
30813190
30813190
30813194
30813194
3088112
3088112
30813198
30813198
26613219
29913222
29913224
29913225
29913226
29913227
29913228
29913229
29913230
29913231
29913232
29913233
29913234
29913235
2998209
1209358
11912886
13312884
10312885
10313574
20351
55117537
20348
11913704
26613896
13414115
13614116
11914117
13314118
10814120
18914121
11914122
13814123
13214124
10314125
59714126
13614128
12014129
11914130
13214131
10314132
13214134
12014135
13614136
11914137
13814140
13614142
13314143
13214144
54314207
52414755
47214306
28214354
28214355
53114357
53114359
25314360
11514361
12014362
10314363
13614364
13414365
13214366
13314415
28214418
28214419
53114421
53114425
10314426
13414428
11314429
11914430
12014431
13814432
13314433
53114436
11314437
10314440
11914441
13614443
13414446
13314472
11714481
10314482
11514485
13414560
13414561
13414565
13414567
13414568
13214572
13214573
13214575
13214577
13214578
13214580
13814583
13814584
13814585
13814586
13814587
10314590
10314592
10314595
10314596
12014597
12014599
12014601
12014602
12014604
13614606
13614609
13614610
13314613
13314614
13314616
11914620
11914621
11914622
11914623
11914625
13614629
13814630
18914631
12014632
10314633
11914634
13314635
13414636
13214637
11514642
11514644
11714645
11714646
10814647
10814649
11314651
25314652
25314653
25314654
25414656
10314658
11214660
11014662
11014663
11414664
11414665
22314666
22314667
22314669
10114670
10114671
10114672
11114673
11114675
57514695
57614696
57414697
57014698
12014711
13814713
13214714
53314751
53314752
53314753
52414754
60414813
41914819
53014828
11014829
13314831
12014837
13614839
10314840
28214843
60614060
53014846
53014847
11714850
11214854
10114856
10314878
11914882
13314883
13614884
10314888
11514889
12014904
11914905
13214906
13414907
13814908
13614909
1192315
1342319
1332329
1382322
1366093
12014993
10314996
13615020
13215022
13815025
12015027
13215029
13315030
11015033
11415034
11915035
10315035
18915037
13415038
11215039
11115040
13211818
13411816
13415146
13215147
11915148
13415159
13315160
11315161
53015162
10315163
13615164
13215193
11915194
10315196
11915199
12015200
10315201
13415202
13415204
13215205
13315206
11915207
13615208
10315209
25315210
10815212
11515215
11115217
11915218
2609801
2623753
53015222
60614060
60614060
11115360
60614060
13215363
18915364
11915365
11415401
13615402
10315403
18915404
11115406
53015408
13415412
13215413
10315414
13415415
12015416
13615417
11915418
13415467
12015469
12015470
13315471
13315473
10315474
10315475
11915476
11915477
11915478
13815479
13215480
10815482
13615484
11015489
60614060
13315496
13215497
13815498
13215501
13815502
13315505
13315506
13415507
10315508
60614060
60614060
60614060
11315519
12015557
13615558
60614060
11115571
13215584
13615587
11915588
60614060
60614060
60614060
10315603
13815605
18915626
13415738
28215823
53115827
53115829
53115835
53115837
53115843
53115844
28215845
53015846
53015847
53015848
53015849
13215851
13215852
53015862
21815867
21815867
21815867
21815867
21815867
21815864
21815864
21815864
21815864
21815864
21815869
21815869
21815869
21815869
21815869
21815868
21815868
21815868
21815868
21815868
21815865
21815865
21815865
21815865
21815865
21815866
21815866
21815866
21815866
21815866
11915948
11915949
13615951
13615952
13215953
13215954
10315959
10315960
13415961
13415962
13315963
13815964
12015965
12015966
13615971
13415973
13815973
11915987
55115988
13816015
12016018
13316019
12016025
18916026
11916027
10316028
13216029
30916031
13616033
12016034
13416035
13816036
13216037
10816038
13816039
10316040
11916041
11216042
10316044
11916045
13216046
13316047
13616048
18916049
13316050
1126051
13616052
13416053
13816055
13316056
12016057
11916058
10316059
11316060
13316061
11716062
12016063
10316064
13416074
11116083
10316084
11316085
13216086
13216088
11916104
28216106
22316108
10316109
13616110
12016111
13416112
13816113
12016114
11916115
11016117
13216118
25416119
12016120
11516139
18916146
10316149
10116151
13616152
53116160
60614060
60614060
60614060
60614060
60614060
60614060
60614060
60614060
60614060
60614060
60614060
60614060
60614060
60614060
60614060
60614060
60614060
60614060
60614060
60614060
60614060
60614060
60614060
60614060
60614060
60614060
60614060
60614060
60614060
21816667
21816667
21816667
21816667
21816667
10316758
13416759
11916760
13616761
12016762
11516764
25316765
18916767
13216769
26616770
10316771
13316772
10816773
13816774
11916775
28216782
53116784
53016785
13216786
13616787
11916788
10316789
13416791
11216792
13416793
10116794
18916795
12016796
53116797
12016798
20515
18916800
13316802
53115610
53116810
53116811
13816812
11916813
13216814
13416815
13316817
13616818
25316819
13316820
25416821
13616822
53116823
26616824
11016825
11016826
12016828
13316831
11916877
13816878
60614060
25316880
10316882
11416883
11916886
13416888
11416891
13216892
13316893
13816894
13416895
10316896
18916899
11216900
13416903
13316904
13616905
13816906
13616908
13616909
13416912
13416913
11916918
11916919
13416965
11916966
13816967
13416969
11916970
13816971
13616972
10316974
13316975
12016977
13617006
13617007
2042
4198170
28217076
28217078
28217080
28217082
28217083
13417097
13417101
13417105
13617109
13617113
13617117
13217121
13217125
13217129
12017133
12017137
12017141
13817145
13817149
13817152
13317157
13317161
13317165
11917169
11917173
11917177
10317181
10317185
10317189
18917782
11117214
2094
28113178
3025461
2268050
2268050
53017226
53017227
13417228
13617229
11917230
13317231
13217233
20573
11317236
13617237
13417238
53017239
10317240
13417241
12017242
25417243
13617244
10317245
13817246
13217247
53017250
53017251
13417252
13317253
11917254
12017255
18917257
11217258
10317260
13617261
13817262
13817263
53117264
10317265
26617266
12017267
11317268
11917269
12017270
13617271
10317272
53017276
53117277
13417278
13617279
11917280
10317281
10117283
10817284
12017285
11217287
22317288
53017289
13317290
18917291
10317292
11317293
13217294
13617295
11917296
12017297
53117301
53117302
13417303
13217304
13817305
13617306
13217308
11717309
13417310
10317311
11017312
13317313
11317314
11417315
53117316
18917317
10317318
13417319
12017320
13317321
11917322
53117324
10317325
12017327
11317328
13317329
13817330
13217331
13417332
53017336
53017337
13817338
11917339
10317340
13617341
13417343
21817344
11017345
13317346
25417347
13217348
53117349
11517350
26617351
11717352
10317353
13217354
13317355
11917356
13817357
30917368
30917369
41914788
20526
20551
20552
20553
20554
20558
20559
20528
20540
20541
20542
20543
4479849
4479849
4479849
4479849
4479849
4479849
20586
26617445
26617446
20574
20592
20593
20594
20597
20598
20601
20602
20611
20612
20615
30217490
51317498
20241
65217069
26617529
26617530
11517533
26617535
13217543
13417544
12017545
13317546
4001
3578
65217069
65217070
65217071
65217068
2235406
1014053
11311659
25412611
11012613
11012479
11412881
25310101
18917744
22312375
13217748
13217749
13412377
13617752
13817753
13417754
10317755
25317757
11417758
13317759
29917760
28217761
53017763
20667
11917767
10317768
53017772
11717773
21817775
11217776
18917783
18917210
53017784
53017785
28217786
11912359
12012363
13412364
11511638
1032667
1159965
1159343
18911805
12012105
13212365
13617804
11917805
13417806
13217807
13817811
12017812
11917814
13317816
12017817
11017818
18917819
20225
20584
20536
20539
1209356
53015590
20681
20683
13618005
13218088
13218089
13618090
13618091
13318094
13318095
13818098
13818099
45518106
27518107
30918108
45518110
27518111
30918113
30918114
30918115
30918116
30918117
31318120
31318121
31318122
31318123
28118126
28118128
30818130
30818132
28218138
53018142
53018141
53018143
53018145
53018146
53018148
11918149
13218150
12018151
13818152
13418154
13318155
13618156
13218157
13218159
13618160
13818161
10318162
11918164
12018165
13618166
13318167
11218169
13618170
11018171
13418172
10318173
18918175
11918176
11418177
13818178
11918179
10818180
13418181
13318182
13418183
25318184
13818185
13418186
13218187
10318188
26618198
26618199
26618200
26618201
29918202
29918203
29918204
29918205
30722
30723
30717
30720
30719
11918219
11918220
13418221
13418222
53118223
53118224
53118225
11918380
13818381
13218386
11218387
18910028
53118442
53118443
53118444
11518445
10818446
11318447
25418448
11018449
11718450
25318451
22318452
10118453
11418454
11118456
13618458
13418459
13218460
13818461
11918462
10318463
12018464
30618465
4558068
30618467
2755426
31319170
31318472
31319171
31318474
31319171
31318474
30911474
3101786
30911472
30911472
3115443
3115443
3025474
3025474
28113180
28113180
3088111
3088114
3088114
28218493
28218494
28218495
28218496
53018516
53018517
53018519
53018520
53018522
53018523
12018524
12018525
12018526
12018527
13818528
13818529
13818530
13818531
13418532
13418533
13418534
13618535
13618536
13618537
13618538
13618539
13218540
13218541
13218542
13218543
13218544
13318545
13318546
13318547
13318548
13318549
11918550
11918551
11918552
10318553
10318554
10318555
11218556
11218557
10118558
18918559
25318560
25418561
11118562
11518563
18918564
22318565
11018566
11118567
29918572
29918573
26618574
26618575
26618576
26618577
30763
30765
30738
30737
13218632
11018633
10318634
10318635
10318636
12018637
12018638
12018639
13318640
13318641
13418642
11918643
13818644
11218645
1389997
1339306
1369404
13315424
26618773
57418779
57018780
57618781
57118782
57718783
57518785
56918786
53018787
3088105
3119268
30771
70918874
13818381
13217543
11918380
18910028
1039723
13618537
12017545
10318555
13317546
13417544
12018464
70918874
70918874
70918874
70918874
11319037
13419038
12019039
13819040
11919041
13319042
13219043
13219044
13419045
13619046
11919047
13619049
10319050
11419051
11919052
12019053
13319054
13819055
10319056
13419058
13219059
22319060
10819061
13219062
11919063
11219064
53019065
53019066
53019068
26619095
26619096
26619097
26619098
26619099
26619100
26619101
26619102
26619103
26619104
26619105
26619106
26619107
26619108
26619109
11219122
13419123
13819124
11919125
13319126
13619127
13219128
10319129
11519130
12019131
25319132
11719133
13819134
22319135
11919136
13619137
13219138
13319139
13419140
25419141
10319142
18919143
11219144
12019145
11519146
53019147
53019150
53019151
26619154
26619155
29919156
26619159
29919160
26619161
27510009
27510009
45510008
27610957
27810958
27810958
31213174
30918479
30918479
28118484
28118484
3089232
3089232
28219180
28219180
13219062
20785
20786
11319243
18919244
25419246
11019248
11019249
11419251
11119252
26611938
26613877
53019308
13219335
13819336
18919337
11919338
11419339
13419340
13319343
13619346
13219347
13419348
11919349
13819350
13619352
12019353
10319354
13319355
11219357
25319358
12019361
11919362
13219366
13819367
53019374
53019376
12019410
10319411
11919412
13219413
13419414
13319415
13819416
13619417
22319422
13319423
10319424
10319425
13219426
13819427
1349698
1349697
1349699
13419432
26312483
13419450
11919451
26619472
53019487
53019488
13419489
11919490
13219491
13819492
13619494
13319495
10319497
53019500
13819501
11919502
10319503
13619504
13219505
18919508
11019518
11019519
11319520
11219521
11219522
13219694
13419695
17119696
10319697
10319698
12019699
13319700
11919701
13619702
13619703
13819704
13319705
13419706
13219707
11919708
10319709
10319710
12019711
13619712
13819713
13319714
13419715
13219716
11919717
10319718
10319719
12019720
13319746
28111483
28119751
28119751
30619753
30619754
30619754
30619756
30619757
30619757
30819759
30819759
30819761
30819761
30919763
30919764
30919764
30919767
30919768
30919768
31319770
31319771
31319771
31319773
31319774
31319774
53019784
53019785
28219787
53019791
53019792
53019793
28219795
53019798
53019800
53019801
60614060
60614060
60614060
60614060
60614060
60614060
60614060
60614060
60614060
60614060
60614060
13319746
12019858
13819859
13219863
13319864
13419865
10319866
10319867
12019868
13819869
11919870
13619871
13219873
13419874
13619875
10319876
10319877
12019878
13319879
11919880
13819881
11419882
18919883
11019884
11219885
13219886
13819887
10319888
10319889
13319890
13619891
11919892
12019893
10319894
13819895
13419896
11419897
18919898
11019899
11219900
60614060
60614060
26613881
26611937
29913853
60614060
28220110
53020113
53020114
53020148
11220151
11220151
13620155
13220156
11920157
12020158
13620159
10320160
13320161
13420162
13820163
12020164
13220165
13620166
11920167
13420168
10320169
69920170
28120176
28120176
3088117
30611444
30611445
30611445
27613150
27913151
27913151
3101886
3101902
28220192
53020193
53020194
53020196
53020197
25420198
11520199
10820200
10320201
12020204
13220205
11920206
13320207
13420208
10320209
13620210
11920211
13820212
13220213
13420214
13820215
13320216
13620217
11920218
10320219
13420220
12020221
25420222
11520223
10820224
13620225
13220226
11920227
12020228
13320229
13220246
11920247
10320248
12020249
13420250
13320251
13820252
13620253
13620255
13420256
11720258
60614060
60614060
60614060
28220263
69920265
10320277
13820278
11420279
53120280
13420293
13220294
12020295
60614060
60614060
60614060
60614060
25320357
25320358
53120361
18920367
11920370
11920372
53120413
29920416
2268050
2268050
2268050
2268050
2268050
11920550
11920551
13420552
13420553
12020554
12020555
13320556
13320557
13320558
13820559
13820560
13620561
10320562
10320563
13220564
21820565
22320566
10820567
11420568
11020569
53120574
53120575
53120577
20748
20747
3088106
51411538
28111479
31311451
30611440
2751732
3111889
2289295
2608078
2626252
2326253
2264535
21811896
73920605
73920606
28220651
51420652
51420653
56820654
56820655
28220656
57820657
57020659
57020660
57620661
57520662
56920663
57720664
57120665
1039367
11910247
53020668
53020671
53020675
53018798
53020677
53020678
53020679
3088107
31311454
2011718
3101750
3011851
53120718
13320719
51320720
13820722
13620723
13220724
13420725
11920726
12020727
10320728
11720729
10320730
13320731
13620732
10120733
12020734
13220735
13820278
10320927
13620929
13420930
11920931
13220932
18920933
13320934
13220935
13820936
13420937
10320939
12020940
11920941
13620942
13820943
10320944
10320945
12020946
13320947
11920948
13220949
10320950
22320951
13320952
12020953
13620954
13820955
13420956
18920957
28220959
28220960
53120961
53120962
53120963
53112834
10315323
10315322
11915324
13215325
1349485
1199490
1389505
1369508
11215332
25415331
13215319
13615318
11915321
10315320
13815317
12015327
13320985
12020986
11015329
10815330
13315328
13415326
13620991
13820992
13620995
10320996
2325412
2355411
53015333
56921013
56921014
56921015
56921016
56921017
56921018
56921019
56921020
56921021
56921022
56921023
57021026
57021027
57021028
57021029
57021030
57021031
57021032
57021033
57021034
57021035
57021036
57421039
57421040
57421041
57421042
57421043
57421044
57421045
57421046
57421047
57421048
57421049
57121052
57121053
57121054
57121055
57121056
57121057
57121058
57121059
57121060
57121061
57121062
57521065
57521066
57521067
57521068
57521069
57521070
57521071
57521072
57521073
57521074
57521075
57621078
57621079
57621080
57621081
57621082
57621083
57621084
57621085
57621086
57621087
57621088
57721091
57721092
57721093
57721094
57721095
57721096
57721097
57721098
57721099
57721100
57721101
57821104
57821105
57821106
57821107
57821108
57821109
57821110
57821111
57821112
57821113
57821114
73921115
73921116
73921117
73921118
73921119
73921120
73921121
73921122
73921123
73921124
73921125
12011050
13615111
11911052
13811053
12015106
11111055
13415114
13615116
13815118
12011073
10311077
11911774
13411072
13211085
11715127
11415128
10315129
12021150
13811060
13411057
13211058
11911061
10311059
12015165
13215171
13415168
10315170
25311062
10115177
11011568
1893974
13815183
13615181
25415179
18915180
2635410
2828122
53021195
53021196
28221197
28221198
53021200
10121202
13421203
10821204
13221205
25321206
13321207
10321208
10321209
10321210
10321211
13821212
12021213
13321214
13321215
13221216
13221217
13421218
13421219
13421220
13621221
13621222
13621223
11921224
11921225
11921226
11221227
13412794
13212795
10312797
11912796
13312802
10312799
12021234
13621235
13821236
13221237
11921240
11221242
11921243
13321244
18912801
10312789
11312800
10121202
13421203
10821204
13221205
10321208
10321208
10321208
13821212
13821212
13821212
12021213
12021213
12021213
13321214
13321214
55117781
10321209
10321209
10321209
13221216
13221216
13421218
13421218
13621221
13621221
10321210
10321210
11921224
11921224
13621222
13421219
11921225
11921225
11221227
13621223
13621223
13321215
13321215
13221217
13221217
10321211
13421220
11921226
4479849
4479849
4479849
4479845
4479849
4479849
4479846
4479842
4479843
4479851
4479844
4479847
4479849
4479850
4479844
4479849
4479849
4479849
4479849
4479842
4479850
4479849
4479849
4479845
4479843
4479846
4479847
4479851
13412794
13212795
10312797
13312802
13412794
13212795
10312797
11912796
13312802
10312799
12021234
13621235
13821236
13221237
11921240
11221242
11921243
13321244
53111569
26011336
26011337
23211334
53015132
12011050
13615111
11911052
12015106
12015106
12011050
13615111
11911052
13811053
11111055
12011073
10311077
13415114
13615116
13815118
11911774
13411072
13211085
23211335
23211341
53011571
53011570
53015187
13811060
13411057
13211058
11911061
13811060
13411057
13211058
10311059
11911061
12015165
25311062
10115177
13215171
13415168
10315170
11011568
1893974
13815183
1349485
1199490
1389505
11215332
1349485
1199490
1389505
1369508
11215332
25415331
13320985
12020986
13215319
13615318
10315320
11015329
10815330
13315328
11915324
13215325
10315322
1349485
1199490
1389505
1369508
11215332
25415331
13320985
12020986
13215319
13615318
11915321
12015327
10315320
13815317
11015329
10815330
13315328
13415326
13620991
13820992
10315323
2286421
2326420
2828124
3056422
53015389
11915400
13815398
13215397
10315399
13410699
13210700
11910702
13810697
13310703
12010698
13615451
10315450
1339654
12015392
1109647
1149645
11515395
10315393
11915394
1324161
12015735
10315734
13821545
13321546
13210050
10320996
13410699
13210700
11910702
13310703
13410699
13210700
11910702
13810697
13310703
12010698
13615451
10315450
13215397
10315399
1339654
1109647
1149645
11915394
13821545
13321546
12015735
10315734
13410699
13210700
11910702
13810697
13310703
12010698
13615451
10315450
13215397
10315399
13815398
11915400
1339654
12015392
1109647
1149645
11915394
11515395
10315393
1324161
28221604
2822605
53121606
53121617
56821626
56821627
56821628
56821629
56821630
56821631
56821632
56821633
56821634
56821635
56821636
51421637
51421638
51421639
51421640
51421641
51421642
51421643
51421644
51421645
51421646
51421647
32721648
32721649
32721650
32721651
32721652
32721653
32721654
32721655
32721656
32721657
32721658
56321659
56321660
56321661
56321662
56321663
56321664
56321665
56321666
56321667
56321668
56321669
56721570
56721571
56721572
56721573
56721574
56721575
56721576
56721577
56721578
56721579
56721580
39321681
39321682
39321683
39321684
39321685
39321686
39321687
39321688
39321689
39321690
39321691
10315423
12021693
11921700
11921701
11921702
13221703
10321704
13821705
13821706
13621707
13621708
13621709
13621710
10321711
10321712
13421713
13421714
13421715
12021716
12021717
13221718
13221719
13221720
22321721
11221722
10321723
11221724
13321725
13321726
11521727
11121728
11921700
13221703
10321704
13821705
10321711
10321711
10321711
13621708
13621708
13621708
13421713
13421713
13421713
12021716
12021716
13221718
13221718
13221718
22321721
22321721
11221722
11221722
10321712
10321712
13421714
13421714
13621709
13621709
11921702
13221719
13821706
13821706
11521727
10321723
13321725
13221720
11121728
11121728
13321726
13321726
12021717
12021717
11221724
13621710
13421715
53021774
53021775
28221777
28221778
53021779
10321783
10321784
10321785
10321786
12021787
12021788
13821789
13821790
13321791
13321792
13621793
13621794
11921795
11921796
13321797
13421798
13421799
13421800
13221801
13221802
13221803
12021804
10821807
11421808
11021809
11221810
25321811
10121812
13221813
28221815
28221816
53121817
53121818
53121819
13420930
13620929
11920931
13220932
13420930
13620929
11920931
10320927
13220932
18920933
10320944
10320945
13320934
13220935
10320939
12020946
13320947
11920948
13620954
13820955
13320952
12020953
13420930
13620929
11920931
10320927
13220932
18920933
10320944
10320945
13320934
13220935
13820936
13420937
10320939
12020940
11920941
13620942
13820943
12020946
13320947
11920948
13220949
10320950
22320951
13821867
13221868
10321869
10321869
10321871
10321871
10321873
10321873
10321873
10321873
10321877
10321877
10321877
10321880
10321880
10321882
10321882
13621884
13621884
13621886
13621886
13621886
13621886
13621890
13621890
13621890
13621890
13621894
13621894
11921896
11921896
11921898
11921898
11921900
11921900
11921900
13821903
13821903
13821903
13821903
13821907
13821907
13821907
13821910
13821910
13421912
13421912
13421912
13421915
13421915
13221917
13221917
13221917
12021920
12021920
12021920
12021923
12021923
12021925
12021925
12021925
25421928
25421928
25421928
13321931
13321931
13321931
13321934
13321934
18921936
18921936
18921936
11721939
11721939
10321783
10321785
10321785
10321785
12021787
12021788
12021787
12021788
13221802
13821789
13321791
13321792
13321792
13321792
13421800
13421800
13421800
10821807
10821807
10821807
13621793
13621793
13221813
13221813
11421808
11421808
13221801
13221801
13321797
13321797
11921795
13421798
11021809
11021809
13221803
11221810
10321786
13821790
11921796
11921796
25321811
25321811
13421799
10121812
13621794
53022036
53022037
28222039
28222040
53022041
45513101
27513106
27513106
4558067
2754455
2754455
30911442
3125444
3105445
3125444
2609761
31213172
31320184
31320183
31320184
2781832
2781832
2764273
2811856
2811856
28119176
28119176
30820178
30820178
30818487
30818487
3101902
2609761
20855
20856
20857
20858
20859
20860
20861
20862
2791783
2756162
27513096
30920187
28111483
30813196
3088117
29922151
30622350
18919883
11419882
18919898
11419897
13319705
13319705
13319705
13619703
13619703
13619703
12019711
12019711
12019711
13819704
13819704
10319709
10319709
10319709
13219707
11919708
11919708
10319710
10319710
13419706
13419706
13319864
13319864
13419865
13419865
10319866
13219863
13819869
13819869
11919870
10319867
12019868
13619871
11219885
11019899
11219900
13419695
13419695
13419695
13219694
13219694
13219694
11919701
11919701
11919701
10319697
10319697
13319700
13319700
13319700
12019699
11019884
12019699
13619702
10319698
10319698
17119696
17119696
13219873
13219873
13419874
13419874
10319876
13619875
13819881
13819881
12019878
13319879
11919880
10319877
11520199
25420198
10820200
11520223
25420222
10820224
11920206
11920206
11920206
13220205
13220205
13220205
13320207
13320207
13320207
12020204
12020204
10320209
10320209
10320209
13820212
13820212
13620210
13620210
11920211
13420208
13420208
13320216
13320216
13420214
13420214
13220213
13820215
10320219
10320219
11920218
13620217
12020221
13420220
10319719
10319719
10319719
11919717
11919717
11919717
13219716
13219716
13219716
12019720
12019720
13419715
13419715
13419715
10319718
13619712
13619712
13819713
13819713
13319714
13319714
11920157
11920157
12020158
12020158
13220156
13620159
13320161
13320161
13420162
13820163
12020164
10320160
13319890
13319890
13619891
13619891
10319889
10319889
12019893
12019893
13819887
13819887
13819895
13819895
11920227
11920227
13620225
13620225
13420168
13420168
13620166
13620166
11920167
11920167
13219886
10319894
11919892
13419896
10319888
13220226
12020228
10320169
13220165
13320229
53020147
53019790
28222356
28222357
11919041
12019053
12019053
11219064
10819061
22319060
11319037
13619046
13619046
13619046
11919047
11919047
11919047
13219044
13219044
13219044
13419045
13419045
10319050
10319050
10319050
13619049
13619049
11419051
11419051
11919052
11919052
10319056
13819055
13319054
13319054
13219059
13219059
13419058
11219144
12019145
25419141
10319142
13319126
13319126
13319126
13419123
13419123
13419123
13819124
13819124
13819124
11919125
11919125
11519130
11519130
11519130
10319129
10319129
12019131
12019131
25319132
25319132
13219138
13219138
13619137
13619137
13319139
13419140
11919136
11919136
22319135
13419038
13419038
12019039
12019039
13819040
13819040
13219128
13219128
13619127
13619127
13219043
13319042
11719133
13819134
11219122
13220246
13320251
13420250
13820252
10320248
11420279
12020249
11920247
13620253
10320277
13420293
18920367
12020295
12019410
10319411
11919412
13219413
13319415
13819416
13619417
22319422
10319424
13319423
13819427
13219426
10319425
57822481
57822484
57822482
57822483
57822486
57822487
57822488
13419414
2268050
2268050
31013166
30618466
30611444
30611444
30611444
45513095
45513095
45513100
45513100
45513100
45510008
45510008
2755425
45513093
25320358
25320357
53019067
53019148
12020727
10320730
11720729
13620723
13820722
13420725
11920726
13220724
10320728
13320731
12020734
13620732
13220735
10120733
29922574
26622575
29922578
29922578
29922580
29922581
29922582
29922583
29922584
29922585
29922587
39311536
55116835
11218556
18918559
25318560
12018524
12018524
12018524
13818528
13818528
13818528
13418532
13418532
13418532
13618535
13618535
12018525
12018525
12018525
13218541
11218556
11218557
11218557
11918550
11918550
11918551
11918551
13818530
13818530
13318546
13418533
13618536
13618536
13218542
13218540
13218540
13318545
13318545
10118558
13818529
13318548
11118567
11018566
13318547
13318547
13318547
13818531
13818531
13818531
12018526
12018526
11118562
11118562
11118562
13618538
13618538
13618538
22318565
22318565
11518563
11518563
10318553
10318553
12018527
12018527
13618539
13618539
13218544
13418534
10318554
10318554
13318549
13218543
13218543
25418561
25418561
11918552
18918564
13820560
13820560
13820560
12020555
12020555
12020555
11920551
11920551
11920551
13620561
13620561
13320557
13320557
13320557
13320558
13320558
11420568
11420568
10320562
10320562
11920550
11920550
13320556
13320556
13420552
13820559
12020554
12020554
13420553
10820567
10820567
11020569
11020569
13220564
22320566
13817338
13817338
13817338
10317340
10317340
10317340
11917339
11917339
11917339
13617341
13617341
11017345
11017345
11017345
13318640
13318640
13217348
13217348
25417347
25417347
11917356
11917356
13217354
13217354
13317355
13418642
10317353
10317353
11717352
13317346
13317346
11217776
11217776
13417343
13417343
11517350
13217304
13217304
13217304
13817305
13817305
13817305
13417303
13417303
13417303
13617306
13617306
10317311
10317311
10317311
13417310
13417310
11017312
11017312
13317313
13317313
13417319
13417319
12017320
12017320
13317321
10317318
11918643
11918643
18917317
13217331
13217331
13317329
13317329
13817330
12017327
13818644
13818644
11317328
10317325
10317325
11317314
11317314
11717309
11717309
12018637
11417315
30618467
2755426
3088111
11218387
13618160
13618160
13618160
10318162
10318162
10318162
13818161
13818161
13818161
13218159
13218159
13318182
13318182
13318182
13418181
13418181
13418183
13418183
25318184
25318184
11918164
11918164
12018165
12018165
13318167
13618166
10318188
10318188
13218187
11918179
11918179
10818180
10818180
13418186
13818185
18917744
13417278
13417278
13417278
11917280
11917280
11917280
10317281
10317281
10317281
13617279
13617279
10318634
10318634
10318634
11217287
11217287
22317288
22317288
12017285
12017285
12017297
12017297
13617295
13617295
13217294
11917296
10317292
10317292
11317293
10817284
10817284
10117283
18917291
18917291
13317290
10318635
11018633
13317231
13317231
13317231
13417228
13417228
13417228
13617229
13617229
13617229
11917230
11917230
11317236
11317236
11317236
13217748
13217748
13417238
13417238
13617237
13617237
10317245
10317245
13217247
13217247
13817246
13617244
12017242
12017242
25417243
13217233
13217233
10317240
10317240
13417241
11517533
13218632
12017267
12017255
12017255
12017255
13417252
13417252
13417252
11917254
11917254
11917254
13317253
13317253
13817263
13817263
13817263
18917257
18917257
13817262
13817262
13617261
13617261
10317272
10317272
13617271
13617271
11917269
12017270
11217258
11217258
11317268
10317260
10317260
10317265
28118128
30217490
27518111
27513114
30918117
30917369
30818132
31318122
13217308
13217121
13217121
10317181
10317181
13617109
13617109
13817145
11917169
13317157
13317157
12017133
18917210
13417097
13614443
13414446
13314472
11314437
10314440
13217125
13217125
13817149
13315963
13315963
13315963
13616110
13615951
13615951
13615951
13415962
13415962
13415962
10816038
10816038
10816038
12015965
12015965
13216037
13216037
13816039
13816039
10316040
10316040
13416035
13416035
13816036
13816036
12016034
13616033
11916041
11916041
11216042
11116083
11116083
13317161
13317161
11316085
11316085
13417101
13216086
10316084
12016111
10316109
12015966
12015966
12015966
10315960
10315960
10315960
11915949
11915949
11915949
13615952
13615952
13616048
13616048
13616048
18916049
18916049
13316050
13316050
1126051
1126051
10316044
10316044
11916045
11916045
13216046
13316047
13616052
13616052
13416053
11016117
11016117
13216118
13216118
25416119
25416119
18917783
12016120
13218386
13415973
13415973
13415973
13815973
13815973
13815973
13615971
13615971
13615971
13215953
13215953
10316059
10316059
10316059
11316060
11316060
11716062
11716062
13316061
13316061
13316056
13316056
13816055
13816055
12016057
11916058
10316064
10316064
12016063
10317185
10317185
10116151
10116151
11917173
10316149
13616152
12018151
12018151
12018151
11918149
11918149
11918149
13218150
13218150
13218150
13818152
13818152
13418172
13418172
13418172
11018171
11018171
10318173
10318173
13218157
13218157
13418154
13418154
13618156
13318155
13818178
13818178
11418177
13618170
13618170
13617113
13617113
11218169
11218169
12017137
18918175
11918176
55115941
27518107
13217749
12018639
13216100
13216100
13416095
13416095
11916097
11916097
13616098
13616098
11916091
11916091
13416092
13416092
30918115
28118126
31318121
30818130
18916146
11516139
10315959
13216088
13214144
13314143
13614142
13814140
22312489
1036561
13412488
13812484
1196560
1326562
13214124
13814123
11914122
10314125
10814120
18914121
13414115
13215851
11914117
13314118
13614116
13816967
13416965
11916966
13617007
10316974
12016977
13416969
13816971
13616972
11916970
13418459
11918462
13618458
13618458
13818099
13818099
13618091
13818461
13818461
11918220
13218089
13418222
13318095
13318094
13818098
13618090
13418221
13418221
53019499
13214366
13214366
13414365
13414365
13314415
13314415
13614364
11514361
11514361
25314360
11914430
11914430
13314433
13314433
13215852
13215852
13814432
10314426
10314426
11514485
12014431
10314482
11714481
11314429
11214660
13414428
10314363
12014362
22316108
13816024
11915948
11915948
13415961
13415961
13815964
13815964
13215954
18916026
18916026
12016025
10316028
11916027
13316019
13816015
13216029
11916115
13416112
13816812
13816812
13216814
13216814
11916813
11916813
13416815
25316819
25316819
13316820
25416821
13616822
12016828
13316831
11016826
13616818
12016762
12016762
13416759
13416759
13616761
13616761
11916760
25316765
25316765
13216769
11516764
18916767
11916775
13816774
10816773
13316772
13316772
10316758
10316771
28115928
53114435
25715957
10316006
26010413
26010422
26010418
13212596
13212596
11912597
11912597
13612599
13612599
10312598
18912604
18912604
11312600
11112628
13412629
13212617
13412618
12012620
11012613
11412606
25412611
11912817
11912817
13612819
13612819
12013138
12013138
13412816
13312818
13312818
10312861
11912893
10812896
10312885
11912886
13812887
13612888
13612865
13312884
11412881
13219491
13219491
13819492
13819492
13419489
13419489
11919490
11319520
11319520
11019518
11219521
10319497
13619504
13219505
11219522
10319503
13319495
13619494
13819501
1198382
1198382
1338379
1338379
1348381
1348381
13216892
13316893
13316893
11416891
13816894
13616905
10316896
13416895
18916899
11216900
13617117
13217129
11916788
11916788
13216786
13216786
13616787
13616787
10316789
13416793
13416793
10116794
12016796
18916795
13316802
18916800
13416791
13317165
13417105
12017141
12015469
12015469
13315471
13315471
11915476
11915476
13215480
13415467
13415467
10815482
10815482
13620255
13420256
12015470
11915477
11915477
10315474
13315473
13615484
11720258
13815479
10315475
27513098
30911469
3113474
31311458
13415721
27510737
30911467
3139270
28111484
10312454
10312454
1335749
1335749
1195747
1195747
1365757
12012461
12012461
13812458
13412480
18912481
13819367
12019361
11919362
11012479
13412473
11912471
11919349
11919349
13819350
13819350
13219347
13219347
13419348
10319354
10319354
11219357
13319355
25319358
13419340
13319343
11919338
13619352
12019353
11419339
13219335
12012638
12012638
10312631
10312631
13312636
13312636
13412630
13615402
13615402
13212632
10812637
11415401
13215413
13415412
10315403
18915404
10315414
11115406
12015416
11910102
11910102
13310096
13310096
13410097
13410097
13810098
12012357
12012357
18910100
1365983
1335971
10312372
11912370
13212371
12012363
13412364
13412377
13215205
13215205
10315209
10315209
13315206
13315206
13615208
11915207
11915207
13415204
25315210
10815212
11915194
13215193
10315196
11515215
11915218
13415202
12015200
12010320
12010320
10310321
10310321
11910319
11910319
13411811
2539636
2539636
13610322
11115571
13415721
13215497
13815502
11015489
13215501
13315506
1329320
11010679
4166293
57211881
57212754
1329681
1329681
1034146
1034146
1389683
1389683
1199680
1369401
1369401
1339305
11214854
10114856
12014837
10314840
13614839
1349682
1209353
1139377
11917805
11917805
13217807
13217807
13417806
13417806
13617804
11017818
11017818
18917819
13317816
12017817
13817811
12017812
11917814
18911805
1179349
1323608
13817753
13817753
10317755
10317755
13417754
13417754
13617752
11417758
11417758
13317759
25317757
13212582
10317768
11917767
11717773
22314666
1344218
11311659
10315035
10315035
11915035
11915035
13415038
13415038
11215039
13314883
13314883
13614884
11115040
18915037
13215022
13815025
13615020
11415034
10314878
11914882
13315030
13212338
13812334
13612335
11712341
18912342
22312339
12010284
13310277
3068172
30911462
2784443
2785446
28111482
28111485
3088108
3088110
1039554
1039554
1339556
1339556
1369506
1369506
1349479
1199500
1199500
1036739
11911019
10311020
12011012
13811008
13611011
12014599
13314614
13214575
10311018
13311017
12010367
12010367
11910368
11910368
13411047
13411047
10310366
10310161
10310161
13610369
12011049
22310370
13211434
12011437
13811433
11914622
13214577
12014601
10811046
13811045
1349549
1349549
1334230
1334230
1369400
1369400
25311866
18911870
18911870
11711865
11111868
22311867
11911853
13811849
11911854
13811850
11911855
13811851
11911856
13811852
1209358
1119468
22311029
1032542
13611068
13611068
12011576
12011576
13411573
13411573
13311071
1899655
1899655
13411070
13811800
10311069
10314658
1369573
1139640
12014604
11914625
13214580
10312438
10312438
11912437
11912437
13412436
13412436
13812439
2239442
2239442
11412445
13615164
10315163
11915148
13215147
13415146
13415159
13612451
11112448
13410968
13410968
12010965
12010965
13210967
13210967
11910966
11710969
11710969
11910971
18910970
2239458
12011579
13211578
13811583
12014602
13214578
13314616
25412230
13611588
10310978
10310978
13210977
13210977
13610976
13610976
13310979
13410981
13410981
22310980
13816878
11916877
11916886
13416888
10316882
25316880
12011563
1105580
2751719
3116948
30911464
2785440
31311455
28111480
28111481
3088109
3088113
12014135
13614136
13214134
11914137
13312382
11412381
10312768
12012767
13412770
12014129
11914130
13212769
13614128
13214131
11112591
10112592
13212589
13812590
13412586
12212588
13612587
11117214
10318636
2693752
26912593
26010974
57414685
12023924
12021804
53018144
53018147
11923959
13823965
13823965
13623967
13623967
12023969
12023969
11923971
11923971
13223973
13223973
13423975
13423975
13823977
13823977
13623979
13623979
10323981
10323981
10323983
10323983
12023985
12023985
11923987
11923987
13323989
13323989
13223991
13223991
22324000
11024001
11124002
11224003
18924004
10124005
11324006
25324007
11424008
11724009
25424010
11524011
10824012
22324000
11024001
11124002
11224003
18924004
10124005
11324006
25324007
11424008
11724009
25424010
11524011
10824012
12024027
10324028
53124029
1039367
13310272
11910247
12021150
10315423
11920372
11019519
1389997
13419450
13619346
13219366
1339306
11915478
12021693
25414656
13416074
12018638
10318463
13620995
11218645
13318641
10320563
13817357
13210050
13417332
13218460
22318452
11917322
13315424
1369404
25321206
11919063
18919143
1349697
13220294
12019858
13819859
13620155
10320201
13420956
13320719
11921701
10321784
13821867
12024027
2235406
1039723
11919451
51317498
13618005
12017545
10320996
13317546
13417544
11918380
13217543
18910028
10320996
11923959
12018464
10318555
13818381
13618537
13321207
13219062
11519146
13419432
13820278
13820278
13319746
11220151
11920370
18920957
51320720
13621707
13221868
12023924
10324028
12011410
12010276
10313574
10317325
11911411
11913704
13316975
1337576
13411413
1347574
13211412
13210225
1367573
1369616
1389615
57114700
25310078
25310078
13210047
13210047
12011410
11911411
13211412
13411413
13210225
13210225
13411039
1389999
1389999
1014053
13411039
13224201
1347574
1367573
1337576
12010288
13612888
13812887
11215039
13224201
10324299
13424300
11524301
11924302
12024303
13424309
13324310
13624311
13424319
13324320
13224321
11924322
10324323
11024324
22324325
12024326
13824327
13624328
13624329
11924330
11924331
10324299
13424300
11524301
11924302
12024303
13424309
13324310
13624311
13424319
13424319
13324320
13324320
13224321
13224321
11924322
11924322
10324323
10324323
11024324
22324325
12024326
13824327
13624328
13624329
11924331
11924330
53124364
53124365
53124366
13617111
13617111
12017135
12017135
13317159
13317159
11917171
11917171
13817147
13817147
13417099
13417099
13617107
13617107
13317155
13317155
11917167
11917167
13817143
13817143
13217119
13217119
13417095
13417095
13617115
13617115
12017139
12017139
13317163
13317163
11917175
11917175
13217127
13217127
13417103
13417103
13617114
13617114
13317162
13317162
11917174
11917174
13817150
13817150
13217126
13217126
13417102
13417102
12017134
12017134
13317158
13317158
11917170
11917170
13817146
13817146
13217122
13217122
13417098
13417098
13617106
13617106
12017130
12017130
13317154
13317154
11917166
11917166
13817142
13817142
13417094
13417094
13617116
13617116
12017140
12017140
12017140
11917176
11917176
13817153
13817153
13217128
13217128
13417104
13417104
13417104
13617108
13617108
12017132
12017132
12017132
13317156
13317156
11917168
11917168
13817144
13817144
13817144
13217120
13217120
13617112
13617112
12017136
12017136
13317160
13317160
13317160
11917172
11917172
13217124
13217124
13217124
13417100
13417100
13624530
13624530
13624530
12024533
12024533
13324535
13324535
13824539
13824539
13224541
13224541
13224541
13424544
13424544
13624546
13624546
13624546
12024549
12024549
11924553
11924553
11924553
13824556
13824556
13224558
13224558
13424560
13424560
13624562
13624562
12024564
12024564
11924568
11924568
11924568
13824571
13824571
13224573
13224573
13424575
13424575
13424575
13624578
13624578
12024580
12024580
13324582
13324582
13324582
11924586
11924586
13824588
13824588
13824588
13224591
13224591
13624594
13624594
12024596
12024596
13324598
13324598
13324598
11924602
11924602
11924602
13824605
13824605
13424608
13424608
12024611
12024611
13324613
13324613
11924616
11924616
11924616
13824619
13824619
13824619
13224622
13224622
13424624
13424624
10817198
10817198
11317195
11317195
25419245
25419245
10117201
10117201
11118952
11118952
18917209
18917209
11217207
11217207
10817197
10817197
11017191
11017191
25419246
10117200
10117200
11717203
11717203
25318953
25318953
18917208
18917208
10817196
10817196
11017190
11017190
11017190
11524667
11524667
11717202
11717202
22318954
22318954
11217205
11217205
18918951
18918951
18918951
11319243
11319243
11019248
11019249
10119250
10119250
10119250
11419251
11119252
18919244
11524688
11524688
11524690
11524690
25424693
25424693
11424695
11424695
25324697
25324697
25324697
11224701
11224701
18924703
18924703
53124705
53124706
11224701
53124708
53124709
53124710
12024711
10324712
13224713
13424714
13824715
11924716
13324717
11524718
13224721
10824724
13424725
13824727
13224728
11024729
12024730
22324731
13624732
13624734
25324737
13424790
13424790
13224792
13224792
13423993
13423993
10318188
11516139
18916146
12010284
1349769
1329770
13321546
1105580
2239460
1329770
1329770
12024711
12024711
10324712
10324712
13224713
13224713
13424714
13424714
13824715
1349769
1349769
11924716
13324717
11524718
13224721
10824724
13424725
13824727
13824727
13224728
13224728
11024729
12024730
22324731
13624732
13624734
25324737
11010243
13225070
13310281
10310209
13825073
13625074
51325075
13425076
13411735
13310281
10310209
10114670
68718003
68718001
13825073
13225070
13425076
13413563
10310713
12010324
12010324
12010324
10310325
10310325
10310325
13610326
13610326
13610326
11910323
11910323
10310331
10310331
10310331
10115540
10115540
11910730
11910730
13610731
13610731
12015545
12015545
13215544
13215544
10315555
10315555
1899931
1899931
13310197
13310197
13415549
13815550
13615551
13315496
10310387
10310387
10310387
13410384
13410384
13410384
13210383
13210383
13210383
13810386
13810386
13810410
13810410
13810410
13411806
13411806
13211799
13211799
13311807
13311807
11915483
11915483
13215481
13215481
11515492
11515492
13310385
13310385
10310164
10310164
13414719
13315491
13415488
13815490
13815490
10314594
13210992
13210992
13210992
13810994
13810994
13810994
12010993
12010993
12010993
13410997
13410997
13610995
13610995
13610995
13310996
13310996
11310998
11310998
12011602
12011602
11911595
11911595
13411591
13411591
10311596
10311596
11111597
11111597
1209352
1209352
13611780
13611780
25411601
13311600
12014603
10314725
13625333
13625333
13625333
12011576
12011576
12011576
13411573
13411573
13411573
13325342
13325342
1899655
1899655
1899655
13425347
13425347
13811800
13811800
10325351
10325351
10314658
10314658
1369573
1369573
1139640
1139640
12014604
12014604
11914625
11914625
13214580
13214580
10314595
13614610
10314596
11910088
11910088
11910088
13810089
13810089
13810089
13610090
13610090
13610090
10310092
10310092
13410091
13410091
13410091
13310087
13310087
10810095
10810095
18910093
18910093
12015554
12015554
11915560
11915560
10315563
10315563
10110262
10110262
13411706
13411706
13813995
13813995
12015566
13415562
13615564
10114670
13411735
1329493
1329493
1329493
1199488
1199488
1199488
1389503
1389503
1389503
1349478
1349478
1349570
1349570
1349570
1329567
1329567
1389574
1389574
1339571
1339571
12014598
12014598
10314591
10314591
13614607
13614607
18911030
18911030
11911028
11911028
13411546
13411546
13611025
12011026
1039510
13410968
13410968
13410968
12010965
12010965
12010965
13210967
13210967
13210967
11910966
11910966
11710969
11710969
11710969
11910971
11910971
18910970
18910970
2239458
2239458
12011579
12011579
13211578
13211578
13811583
13811583
12014602
12014602
13214578
13214578
13314616
13314616
13414568
13814587
11914623
10310130
13210116
13210116
13210116
10310113
10310113
10310113
13810184
13810184
13810184
13410117
13410117
13310115
13310115
13310115
13611784
13611784
13411038
13411038
13211036
13211036
13410118
13410118
12011033
12011033
12011551
12011551
13214576
13214576
12014600
12014600
10314593
10314593
13314615
13414566
13614608
1349549
1349549
1349549
1334230
1334230
1334230
1369400
1369400
1369400
25311866
25311866
18911870
18911870
18911870
11711865
11711865
11111868
11111868
22311867
22311867
11911853
11911853
13811849
13811849
11911854
11911854
13811850
13811850
11911855
11911855
13811851
13811851
11911856
11911856
13811852
13811852
1209358
1209358
1119468
1119468
22311029
22311029
1032542
1032542
12010276
2539385
2539386
13215726
13215726
13215723
13215723
13614720
13614720
1349832
1349832
12010320
12010320
12010320
12010320
10310321
10310321
10310321
10310321
11919428
11919428
11919428
11919428
13411811
13411811
2539636
2539636
2539636
2539636
13610322
13610322
13610322
11115571
11115571
11115571
13415721
13415721
13415721
13215497
13215497
13215497
13815502
13815502
13815502
12015503
12015503
13315504
13315504
11015489
11015489
11015489
11915512
11915512
13215501
13215501
13215501
13315506
13315506
13315506
1329320
1329320
1329320
13415507
13415507
13315505
13315505
10315508
10315508
11011558
11011558
11511627
11511627
10814715
10814715
25311701
25311701
12010367
12010367
12010367
12010367
11910368
11910368
11910368
11910368
13411047
13411047
13411047
13411047
10310366
10310366
10310366
10310161
10310161
10310161
10310161
13610369
13610369
13610369
12011049
12011049
12011049
22310370
22310370
22310370
13211434
13211434
13211434
13611432
13611432
13611436
13611436
12011437
12011437
12011437
13811433
13811433
13811433
11911435
11911435
11914622
11914622
11914622
13214577
13214577
13214577
12014601
12014601
12014601
13414567
13414567
13614609
13614609
13814586
13814586
11914997
11914997
13214994
13214994
13414998
13414998
13614995
13614995
13225735
13225735
13225735
13225735
1034146
1034146
1034146
1034146
13825743
13825743
13825743
13825743
1199680
1199680
1199680
13625750
13625750
13625750
13625750
1339305
1339305
1339305
11214854
11214854
11214854
10114856
10114856
10114856
12025763
12025763
12025763
10325766
10325766
10325766
11925769
11925769
13225771
13225771
13625773
13625773
13625773
13425776
13425776
13425778
13425778
13425778
1209353
1209353
1209353
1139377
1139377
1139377
11714850
11714850
10314996
10314996
12014993
12014993
12010212
12010212
10311037
10311037
10314726
10314726
12010982
12010982
10310978
10310978
10310978
10310978
13210977
13210977
13210977
13210977
13610976
13610976
13610976
13610976
13310979
13310979
13310979
13410981
13410981
13410981
13410981
22310980
22310980
22310980
13816878
13816878
13816878
11916877
11916877
11916877
11916886
11916886
11916886
13416888
13416888
13416888
13816885
13816885
12016887
12016887
10316882
10316882
10316882
13316881
13316881
25316880
25316880
25316880
12011563
12011563
12011563
11416883
11416883
11211592
11211592
13225877
13225877
13225877
13225877
13425885
13425885
13425885
13425885
13325889
13325889
13325889
10325899
10325899
10325899
11525902
11525902
11525902
12025905
12025905
12025905
10325908
10325908
10325908
13825911
13825911
13325913
13325913
12025915
12025915
12025915
18911393
18911393
18911393
13411394
13411394
13411394
13611390
13611390
13611390
11311392
11311392
12011391
12011391
13811388
13811388
13825935
13825935
13625937
13625937
12025939
12025939
11925941
11925941
13416095
13416095
13416095
13416095
13616098
13616098
13616098
13616098
11916097
11916097
11916097
11916097
13216100
13216100
13216100
10316099
10316099
10316099
10316099
13316096
13316096
13316096
25313777
25313777
25313777
1129891
1129891
1129891
12025971
12025971
12025971
11925974
11925974
11925974
13325977
13325977
13825979
13825979
22325981
22325981
22325981
11225984
11225984
11015278
11015278
11015278
12010242
12010242
12010242
13310202
13310202
13310202
1153944
1153944
13310159
13310159
12026001
12026001
10326003
10326003
1109885
1109885
13212338
13212338
13212338
13212338
13812334
13812334
13812334
13812334
10312337
10312337
10312337
10312337
11912336
11912336
11912336
13612335
13612335
13612335
13612335
13412333
13412333
13412333
12026037
12026037
12026037
13226040
13226040
13226040
10326043
10326043
13326045
13326045
13826047
13826047
13826047
13626050
13626050
11712341
11712341
11712341
18912342
18912342
18912342
22312339
22312339
22312339
12010284
12010284
13310277
13310277
25312340
25312340
12015232
12015232
12015232
12015233
12015233
12015233
12015235
12015235
12015235
12015242
12015242
12015245
12015245
12015245
12015230
12015230
12015230
12015246
12015246
12015246
12015244
12015244
12015244
12015229
12015229
12015229
12015236
12015236
12015236
12015255
12015255
12015255
12015240
12015240
12015240
12015243
12015243
12015243
12015759
12015759
12015759
12015227
12015227
12015227
1209361
1209361
1209361
12015732
12015732
12015732
12020204
12020204
12020204
10315252
10315252
10315252
11915250
11915250
11915250
13215248
13215248
13415238
13415238
47215585
53126286
11226287
13326288
13826289
13626290
13226291
13426292
11926293
12026294
10826295
13326296
13626299
11126300
10326301
13226302
13426303
13826304
11226287
13326288
13826289
13626290
13226291
13426292
11926293
12026294
10826295
13326296
13626299
11126300
10326301
13226302
13426303
13826304
30814314
53126334
30626395
13226396
13426397
2609602
2608375
53015559
4198376
2609791
2829600
26010398
28210412
53015495
26010658
26010400
26010990
26010991
26011599
28211103
28211104
53011529
2608081
53011547
3055508
2828118
2608178
2609557
2609558
2608226
2828176
26010070
26010086
26010071
28210074
28210073
2608224
26010973
26311587
26010975
28211105
2609952
2609953
53011554
2829956
2829957
2609767
2608406
2608409
2608407
2608411
2609287
2608383
26015510
26010336
2609286
26010402
26010405
53011559
28210407
28210551
2695568
2608084
53014845
53126469
54110709
53126471
28226473
53111890
30626477
56626478
13226482
13226482
10326484
10326484
13326486
13326486
13426488
13426488
22326490
22326490
11026494
11026495
11026496
11026497
13426498
13426498
13426500
13426500
13226502
13226502
57417547
57417547
12026506
12026506
13326508
13326508
10315958
10315958
10315958
11915947
11915947
11915947
13315955
13315955
13315955
13615950
13615950
13816007
13816007
13816007
11016008
11016008
11416010
11416010
13416009
13416009
10315975
10315975
13415977
13415977
11216013
11216013
10816081
10816081
25316079
25316079
12016080
1039620
10310300
1039661
1039669
12010145
12010145
13412501
13412501
2609806
2609778
46311525
2609779
11026498
2609775
2609774
45811348
13426274
13426274
26010985
26010984
28211102
28211101
53116879
1114057
1114057
11326609
11326609
1205365
1205365
1349341
1349341
1349341
1349341
13610061
13610061
13610061
13610061
11910046
11910046
11910046
11910046
1325577
1325577
1325577
10310160
10310160
10310160
10310160
13310156
13310156
13310156
1159339
1159339
1159339
1109450
1109450
1109450
10310186
10310186
13310110
13310110
2608404
47214256
2695527
45810379
1114057
12010109
12010109
13310277
13826047
13226040
11211592
13626749
13626749
10326751
10326751
11926753
11926753
10326755
10326755
12026757
12026757
12026757
12026757
11926761
11926761
11926761
11926761
13626765
13626765
13626765
13626765
10326769
10326769
10326769
10326772
10326772
10326772
10326772
13826776
13826776
13826776
13626779
13626779
13626779
11926782
11926782
11926782
13626785
13626785
13626785
11926788
11926788
11926788
10326791
10326791
12026793
12026793
10326795
10326795
10326795
13226798
13226798
11926800
11926800
11926800
12026803
12026803
12026803
11126806
11126806
11126806
13826809
13826809
13626811
13626811
10326813
10326813
11326815
11326815
13826817
13826817
13426819
13426819
11226821
11226821
13426823
13426823
13426823
13426823
13326827
13326827
13326827
13326827
12026831
12026831
12026831
12026831
10326835
10326835
10326835
25326838
25326838
25326838
25326838
13226842
13226842
13226842
10326845
10326845
10326845
11926848
11926848
11926848
13426851
13426851
13426851
13626854
13626854
13626854
13826857
13826857
11926859
11926859
11026861
11026861
11026861
18926864
18926864
13826869
13826869
13826869
13626872
13626872
13626872
10326875
10326875
10326875
13326878
13326878
12026880
12026880
13426882
13426882
11226886
11226886
13826888
13826888
11926890
11926890
10326892
10326892
10326894
10326894
10326894
10326894
12026898
12026898
12026898
12026898
13826902
13826902
13826902
13826902
13326906
13326906
13326906
11926909
11926909
11926909
11926909
11326913
11326913
11326913
13426916
13426916
13426916
10326919
10326919
10326919
13826922
13826922
13826922
13326925
13326925
13326925
13626928
13626928
11926930
11926930
13826932
13826932
13826932
13226935
13226935
10326940
10326940
10326940
12026943
12026943
12026943
13326946
13326946
13326946
13426949
13426949
13226951
13226951
13626953
13626953
12026955
12026955
11526957
11526957
22326959
22326959
11926961
11926961
13226963
13226963
13226963
13226963
12026967
12026967
12026967
12026967
11926971
11926971
11926971
11926971
13326975
13326975
13326975
11326978
11326978
11326978
11326978
11026982
11026982
11026982
11726985
11726985
11726985
25426988
25426988
25426988
13426991
13426991
13426991
11926994
11926994
11926994
13826997
13826997
13326999
13326999
13627001
13627001
13627001
10327004
10327004
11727009
11727009
11727009
11927012
11927012
11927012
13327015
13327015
13327015
13627018
13627018
13827020
13827020
10827022
10827022
53127040
53127041
53127042
28227044
28227045
53127046
53127047
53127048
28227050
28227051
53127052
53127053
53127054
28227056
28227057
53127058
53127059
53127060
28227062
28227063
81127093
81227111
81227111
81227111
81227111
81227111
81227111
81227111
53127283
53127284
13427285
13427285
10127298
10127298
13327289
13327289
10327291
10327291
13227293
13227293
13827295
13827295
13627297
13627297
25427299
25427299
11927301
11927301
13327303
13327303
2666045
26611933
26619106
53127359
53127360
53127361
28227363
28227364
53127365
53127366
53127367
28227369
28227370
11027371
11027371
10127373
10127373
11927375
11927375
25427377
25427377
13427379
13427379
13427379
10327383
10327383
10327383
12027387
12027387
12027387
13827391
13827391
13827391
13327394
13327394
13327394
13627398
13627398
13627398
13227401
13227401
13227401
11927404
11927404
11927404
10327407
10327407
13327409
13327409
11927411
11927411
11927411
10327414
10327414
10327414
13227417
13227417
13227417
13427420
13427420
12027422
12027422
13827424
13827424
13427426
13227427
13227427
13827429
13827429
13627431
13627431
11927433
11927433
13427435
13427435
10327437
10327437
12027439
12027439
13327441
13327441
13627443
13627443
13227445
13227445
13327441
13327441
13827449
13827449
13327451
13327451
13327451
13327451
12027455
12027455
12027455
12027455
10327459
10327459
10327459
10327459
13827463
13827463
13827463
13227466
13227466
13227466
13227466
13627470
13627470
13627470
13427473
13427473
13427473
11927476
11927476
11927476
13227479
13227479
13227479
13827482
13827482
13827482
13627485
13627485
11927487
11927487
12027489
12027489
12027489
13327492
13327492
12027494
12027494
12027494
11927497
11927497
11927497
13427500
13427500
13427500
10327503
10327503
10327505
10327505
10327507
10327507
13227550
13827551
13627552
11927553
13427554
10327555
13327556
12027557
55115993
13227550
13827551
13627552
11927553
13427554
10327555
12027557
13327556
29427575
10327580
10327580
13627582
13627582
12027584
12027584
13327586
13327586
13227588
13227588
13227588
13427591
13427591
13427591
13627594
13627594
13627594
11927597
11927597
11927597
13827600
13827600
13827600
10327603
13327609
13327609
13227612
13227612
13227612
13427615
13427615
13427615
13827618
13827618
10327620
10327620
11327622
11327622
11327622
11227625
11227625
25327627
25327627
12019145
11919041
13418534
13618535
10318554
13318546
13819134
13218542
10327638
10327638
13627640
13627640
12027642
12027642
13327644
13327644
13227646
13227646
13227646
13427649
13427649
13427649
13627652
13627652
13627652
11927655
11927655
11927655
13827658
13827658
13827658
10327661
13327667
13327667
13227670
13227670
13227670
13427673
13427673
13427673
13827676
13827676
10327678
10327678
11027680
11027680
11027680
10127683
10127683
22327685
22327685
12012767
10314132
11914122
13614116
13312382
13814140
13412488
13214131
11927696
11927696
10327698
10327698
13427700
13427700
12027702
12027702
13327704
13327704
13327704
13427707
13427707
13427707
13227710
13227710
13227710
13827713
13827713
13827713
13627716
13627716
13627716
12027719
10327725
10327725
10327728
10327728
10327728
11927731
11927731
11927731
13227734
13227734
13627736
13627736
18927738
18927738
18927738
25427741
25427741
10827743
10827743
13316047
13416035
13216037
13816007
13616152
12016018
11916045
10316149
10327754
10327754
13827756
13827756
13327758
13327758
10327760
10327760
12027762
12027762
12027762
11927765
11927765
11927765
13427768
13427768
13427768
13627771
13627771
13627771
10327774
10327774
10327774
13327777
13227783
13227783
12027786
12027786
12027786
10327789
10327789
10327789
11927792
11927792
13427794
13427794
11127796
11127796
11127796
11527799
11527799
11027801
11027801
13310999
10310787
13410767
13810779
13610771
12010777
11910762
13210783
53127820
53127821
53127822
28227824
28227825
53127826
53127827
53127828
28227830
28227831
53127832
53127833
53127834
28227836
28227837
28227842
53127838
53127840
53127839
28227843
30627845
30627846
30627846
30627848
30627849
30627849
30927851
30927852
30927852
30927854
30927855
30927855
31327857
31327858
31327858
31327860
31327861
31327861
28127863
28127863
28127865
28127865
30827867
30827867
30827869
30827869
32727871
39327872
46327873
51727874
56727875
56827876
56927877
57027878
57127879
57427880
57527881
57627882
57727883
57827884
73927886
25311416
5231
1502
1504
1505
1508
1515
1516
1518
1522
1523
1524
1525
31728028
31728029
31728030
29917863
29917918
29914333
53128035
53128036
53128037
20946
20945
20948
20947
20950
20949
13228044
13228044
13228044
13428047
13428047
13428047
13628050
13628050
13628050
11928053
11928053
11928053
13828056
13828056
13328058
13328058
10328060
10328060
12028062
12028062
10328064
10328064
10328064
13828067
13828067
13828067
12028070
12028070
12028070
22328073
22328073
22328073
11928076
11928076
11328078
11328078
13328080
13328080
12028082
12028082
13428084
13428084
13228086
13228086
20951
20952
20953
20954
11928133
11928133
10328135
10328135
13428137
13428137
12028139
12028139
13328141
13328141
13328141
13428144
13428144
13428144
13228147
13228147
13228147
13828150
13828150
13828150
13628153
13628153
13628153
12028156
12028156
12028156
11928159
11928159
10328161
10328161
13228163
13228163
13228163
13428166
13428166
13428166
13828169
13828169
13328171
13328171
11928173
11928173
13628175
13628175
25328177
25328177
11728179
11728179
12028181
12028181
12028181
13228184
13228184
13228184
11928187
11928187
11928187
13628190
13628190
13328192
13328192
11328194
11328194
13628196
13628196
13328198
13328198
13428200
13428200
11328202
11328202
13328204
13328204
13328204
13428207
13428207
13428207
13228210
13228210
13228210
13828213
13828213
13828213
13628216
13628216
13628216
12028219
12028219
12028219
11928222
11928222
10328224
10328224
13228226
13228226
13228226
13428229
13428229
13428229
13828232
13828232
12028234
12028234
11928236
11928236
13628238
13628238
11528240
11528240
11128242
11128242
13428244
13428244
13428244
13828247
13828247
13828247
13228250
13228250
13228250
11928253
11928253
11028255
11028255
10328257
10328257
10328259
10328259
13828261
13828261
13328263
13328263
10328265
10328265
13328267
13328267
13328267
13428270
13428270
13428270
13228273
13228273
13228273
13828276
13828276
13828276
13628279
13628279
13628279
12028282
12028282
12028282
11928285
11928285
10328287
10328287
13228289
13228289
13228289
13428292
13428292
13428292
13828295
13828295
12028297
12028297
11928299
11928299
13628301
13628301
10128303
10128303
11428305
11428305
13428307
13428307
13428307
13828310
13828310
13828310
13228313
13228313
13228313
13628316
13628316
22328318
22328318
10328320
10328320
28228335
53128332
53128333
53128331
28228336
53128337
53128338
53128339
28228341
28228342
53128343
53128344
53128345
28228347
28228348
68325797
68325796
68325795
68325794
68325799
68325800
68325801
68325801
20970
20971
20972
20973
20974
20975
20976
20977
20978
20979
20980
20981
13410767
13610771
